3451886402
3414603093
3427080320
3454239403
3437048945
3426201343
3414746128
3485789694
3478185202
3337950912
3499252151
3438846840
3491231042
3466468147
3419440503
3454078843
3484830481
3418050626
3412565314
3484866809
3451734289
3424294072
3400099892
3489798493
3420073979
3408848207
3489831072
3458146274
3432523379
3156055794
3437860094
3013725081
3488348985
3400026327
3442115189
3481254630
3447312466
3412603078
3444146145
3237378591
3401719610
3472920015
3418833796
3490839361
3446590285
3462778224
3485197586
3429328622
3482769615
3429436771
3494841419
3440118582
3412345678
3446581614
3425292601
3406998035
3451316298
3472045649
3472046826
3445998750
3403823594
3445672896
3416792556
3424203073
3416062322
3443781460
3466009515
3420486646
3480634211
3446614309
3421730358
3408376094
3054632549
3408197464
3413672786
3447162304
3244246713
3452349637
3419706312
3466303024
3498558678
3479448581
3432291152
3430169789
3478770639
3005755012
3477466193
3435051430
3455474288
3482002746
3457381314
3454091115
3410455549
3456188196
3471354733
3489506668
3472742532
3456429667
3412406173
3054381603
3415964565
3434155759
3420383803
3427831943
3406662990
3414073930
3427433088
3441523312
3435226918
3458092080
3422168071
3490801045
3415688056
3461498234
3448262566
3430237817
3410280595
3458248204
3415538620
3458708231
3156336799
3477795225
3482357426
3055067260
3480757230
3488810088
3456298400
3406648973
3420547443
3333465913
3412032659
3432766938
3437567980
3458776405
3431469803
3401118389
3454211405
3416478875
3004475235
3421706415
3416641892
3497278345
3463663270
3482726090
3467884334
3484423664
3484907220
3420831180
3437557669
3484479528
3436927688
3408191791
3425550509
3490206501
3494314673
3494035076
3443552374
3459359619
3444175067
3449404572
3486394163
3405823853
3436030800
3446788298
3467244277
3438890105
3459158377
3428948591
3417410799
3410409770
3493955256
3416459944
3435670032
3474876489
3065863596
3467949453
3430872068
3464685649
3466747265
3437118805
3406871706
3429053722
3470376469
3495656916
3419599710
3459581324
3426351074
3444302238
3465993106
3420469902
3460740008
3489764515
3423445291
3125411839
3421819497
3459828172
3465516995
3457883043
3483273601
3416267357
3467014780
3471060552
3438581580
3442556548
3446335287
3469599397
3456888339
3484074937
3416122366
3156280489
3450062316
3462606575
3450537836
3400645288
3443237415
3470369340
3418801897
3409636431
3440724202
3463375425
3468134231
3490031377
3434639271
3473667001
3451582065
3476376834
3434676560
3406827752
3469146239
3215068740
3496806654
3484396631
3417469201
3448379200
3439182965
3413923502
3483000819
3405199314
3471984914
3451943696
3437126265
3496794989
3206507573
3464395282
3499127131
3431500291
3455444824
3407837144
3443717572
3451732435
3216025762
3474324502
3470684457
3483284153
3329475439
3494073937
3469802337
3456419484
3426994065
3499139390
3419660632
3437839853
3429378094
3409150514
3411974981
3448671839
3444971426
3484549703
3324363088
3478412173
3442510391
3441531783
3414542853
3475287889
3407626190
3407285866
3465101855
3414275400
3409074836
3464821698
3458690679
3317012377
3485061318
3459329773
3471108281
3407913198
3479179785
3444032013
3475624940
3428085887
3461940056
3482530229
3473412542
3020745843
3445250066
3015001649
3489754591
3448500181
3479381913
3456059817
3456079982
3459576218
3445474957
3426635677
3413684286
3405586502
3488386010
3461460246
3481940683
3406867937
3455949417
3231653899
3455554666
3460719702
3469444190
3455269323
3451719611
3404351044
3486837699
3169654760
3442331470
3188363040
3484700946
3402057997
3460730027
3449444009
3044322642
3403227411
3494875975
3422632223
3439261609
3438988763
3432080678
3455630448
3450707208
3498021385
3408572796
3481734264
3409195784
3486895909
3494694065
3478147963
3124483486
3497273272
3028883100
3497325076
3009614542
3479719791
3430948019
3175886887
3421722554
3134079484
3461568264
3459450387
3484234945
3415719313
3435148892
3484070235
3471869669
3491674541
3423233955
3455468533
3462796434
3435097538
3410095185
3456820466
3436203793
3413142509
3439398002
3244252686
3484722739
3403055380
3486156022
3239767475
3415562607
3427250445
3417017529
3429244554
3098850247
3460400251
3476946830
3456027892
3471946588
3454686987
3408147317
3496882579
3494348147
3421264260
3471948328
3484107763
3486005148
3474651572
3447931396
3412184263
3459733305
3423190016
3488662198
3419315655
3448050634
3443116557
3476307622
3475411184
3412736509
3471800022
3055858424
3400233220
3464360259
3467335631
3441653301
3486095024
3165020037
3487000825
3413662968
3420274438
3447248423
3468399533
3434596125
3403982707
3465063352
3449153983
3414401661
3000282109
3458383701
3401053316
3419505720
3468665619
3461515692
3492779120
3460253392
3437815830
3459712450
3474501844
3450988050
3076255766
3496751362
3426182822
3497556022
3449539093
3235926603
3414282660
3471553562
3494706172
3404310237
3462211287
3416721317
3447464796
3418270396
3463302134
3489515580
3457546964
3495843746
3479832212
3434195721
3446232821
3423612591
3448679519
3432092141
3478858275
3412059238
3487545204
3149722017
3444805658
3496274890
3457808465
3467959372
3443486550
3409459892
3454158408
3419650835
3423016435
3407545453
3466699016
3449398841
3483069353
3434887620
3495150270
3154167021
3115420908
3496206512
3461406066
3486352082
3410401406
3491519676
3498462958
3481198105
3410706300
3461442556
3471876542
3420089491
3465359514
3472709148
3488998952
3417036225
3443932784
3338421478
3431190586
3462324881
3484489192
3492367728
3400035797
3436312135
3411837831
3445128573
3453472651
3138306115
3458880385
3004594469
3431129080
3411809901
3472449807
3454711495
3415605646
3492572741
3417863803
3402717912
3449473299
3460525521
3463846586
3479940371
3441451618
3473211475
3493363633
3468395306
3462878413
3480409097
3496955578
3416605660
3404203900
3481645259
3498475907
3478608672
3474270117
3442472486
3498826178
3480528230
3016894565
3432836992
3440346009
3427938779
3467854820
3471647551
3432306648
3405008448
3464211723
3477085404
3419488311
3474105795
3471232350
3438105580
3496812984
3489896162
3484246917
3448816775
3457582229
3450248764
3477039355
3499015206
3427816710
3412499984
3467257072
3469655290
3496110731
3474216987
3428644293
3405730008
3426582586
3468907307
3438688643
3435203341
3430019187
3458921102
3005721587
3472292238
3064743593
3468819569
3466346532
3476675298
3418676503
3446310119
3405352940
3447820028
3465109947
3417346033
3447367669
3457593009
3410220163
3486546131
3443687862
3347495994
3417327395
3479597486
3440489360
3433558357
3404733164
3489505014
3455660653
3467672784
3424734133
3458369535
3416423274
3343305060
3474414503
3430475821
3401938660
3415524912
3440833290
3444860477
3411913603
3417771469
3451068477
3434024677
3434185311
3495664552
3438530710
3428295860
3443097758
3474248794
3439565277
3438526879
3449227675
3415938008
3444000735
3463509904
3417825019
3447792493
3410105747
3435578278
3407247419
3108497605
3103828952
3442698694
3423461815
3471662909
3428876083
3414670662
3458712431
3441274634
3455075089
3495667701
3447589653
3465867738
3166415140
3404344086
3431625755
3484836531
3482914017
3499245957
3026051690
3481789671
3449990260
3408386257
3424607466
3415750434
3430537339
3435951643
3484402600
3423242788
3495425262
3498097146
3460068220
3484624891
3433385985
3442624686
3400688937
3403408052
3447278978
3488961017
3459793900
3482846932
3017174274
3438497465
3058009751
3414536037
3419171073
3448386307
3450236223
3464225066
3403744243
3445676469
3427155945
3469103501
3438731649
3314713162
3459247838
3449560855
3455045833
3432597792
3431917696
3075617815
3416769928
3416918986
3481932101
3498299949
3447391699
3328742023
3440325504
3474994911
3400364805
3426779332
3413740776
3412759152
3434517426
3421852434
3418547961
3437489196
3435196141
3006150608
3406681068
3468292165
3446519580
3406161336
3474160185
3437725185
3468572392
3449521336
3481517424
3317163753
3459212616
3407767826
3152694045
3473075344
3481273870
3404647559
3467221019
3452537332
3419170248
3435692544
3429759455
3117485229
3457676765
3453184983
3497863097
3484126443
3484929334
3495011785
3416367713
3472992305
3466100475
3450718696
3492893337
3436757164
3467502414
3413710509
3496049646
3466827385
3431256941
3474998719
3415914656
3480374032
3017006796
3481640949
30396933982
3016610498
3450105399
3406674379
3432790855
3448594452
3451488614
3402883109
3404839003
3429237686
3444867028
3476539161
3434519164
3485056761
3412562234
3429570187
3409850198
3442990630
3438247001
3400284175
3028903323
3431453001
3462197747
3491128593
3455724707
3439867472
3431273998
3486321170
3466984824
3419516805
3415113699
3026387426
3466265986
3406590726
3429343859
3422173121
3491899064
3459747663
3487204323
3484739364
3416046447
3481428283
3459751971
3467047401
3430526862
3323726741
3403866488
3435753184
3404333877
3420869192
3421341864
3436516788
3441778369
3421313787
3469260757
3006431734
3474532263
3406781615
3466426771
3471336231
3171410031
3494455251
3405499592
3474482441
3470626850
3496105069
3422349146
3486327137
3499320013
3445357232
3430946484
3454999273
3482418708
3464168016
3435538451
3431795751
3477788533
3439093411
3470686160
3452433400
3444722434
3082305101
3494051157
3429145052
3405848238
3497800691
3417896430
3495546517
3464209611
3451954488
3481475266
3455852135
3440733220
3457652149
3475843148
3483003449
3469130454
3454160120
3483474779
3159834092
3407067795
3439750461
3451912953
3449478950
3429692107
3460250301
3498415911
3473554221
3458939878
3415583441
3489189071
3409533926
3438474770
3496314387
3453265463
3432023217
3458736844
3430922262
3486167495
3418342337
3492356490
3409412011
3469871488
3463960789
3147722626
3348746234
3419784296
3443259103
3496099841
3461614240
3494631170
3412057105
3498350340
3420514864
3450151213
3478689372
3457570440
3400220412
3431312243
3494693744
3415359178
3467720354
3453169572
3406541793
3439432519
3445220125
3484344864
3432521045
3440245751
3499003084
3153302873
3461497861
3459002612
3495000412
3477372444
3412909995
3444532536
3013918933
3430024400
3499626949
3429436460
3409903452
3418664535
3459010124
3412099244
3483065371
3489494569
3416084211
3458958215
3485345217
3489644308
3408711150
3351187665
3499997020
3410209746
3429849643
3451524191
3447881355
3461407842
3444033725
3458347727
3432981650
3479248260
3432236828
3473671865
3454352250
3422585823
3473674568
3494458541
3482246619
3408812116
3468516611
3473052690
3495963687
3462634724
3438186103
3409662955
3454930276
3408238466
3453946901
3454382042
3473886990
3402307989
3465030810
3438171149
3415385700
3432725503
3469555325
3431902899
3498757765
3437547798
3464356032
3484708943
3456611196
3403974351
3475117075
3488402787
3489338675
3407977744
3436571709
3487217810
3495587186
3450405553
3431451556
3494513033
3444966833
3491894339
3430615395
3461617485
3481461301
3466789616
3440874536
3402670706
3446507836
3457856659
3448519739
3353413465
3463607995
3422058590
3413615738
3076791891
3459538699
3344492394
3418291390
3449499520
3411650649
3005627932
3440641010
3457906266
3487508008
3361917656
3425588162
3467998038
3409359670
3477765839
3424716788
3447952381
3451854298
3456980437
3484193543
3445354950
3464643585
3454139985
3414485543
3496761795
3450773591
3436840478
3481364927
3416928187
3487262473
3411314704
3330612931
3439290579
3434259781
3418275092
3431762752
3175077195
3455565620
3465784833
3401552784
3472393712
3463885146
3403507835
3168731623
3438222182
3443409275
3112970180
3462380094
3414448458
3481039561
3453926873
3093318274
3452180373
3346704653
3435740265
3442626402
3441030990
3181516525
3181516395
3415501660
3478662799
3497026944
3448604211
3482332073
3426499009
3473368041
3469612992
3489696256
3468786033
3405142395
3494902629
3467824925
3453268000
3419191189
3459516556
3492027006
3452244478
3409020080
3459608082
3439003014
3412970336
3497513660
3440621801
3410040366
3453356929
3437201744
3425334998
3427705622
3403321593
3449841001
3484021911
3410774454
3410232277
3469366806
3448561130
3417397123
3499073265
3458390610
3495954996
3476731779
3449380171
3459892048
3478495837
3464195286
3003602114
3437966975
3443581934
3402574517
3496010196
3497238246
3477127721
3440654640
3488228663
3469822345
3435877208
3497760449
3459242530
3447894830
3447720780
3424538450
3403655709
3422186287
3486993533
3401423712
3460685002
3459243768
3414433543
3408563513
3489623862
3433055360
3494071963
3022088078
3454186439
3466268166
3434194133
3409544526
3486565013
3422566769
3428844248
3430828386
3249632212
3464731524
3474609141
3404422712
3047712835
3479282700
3423845819
3447733235
3452888190
3423961429
3417259215
3409412032
3415812380
3203840141
3436825123
3414015374
3457779777
3442095411
3407624009
3482041331
3496770905
3413871773
3479476611
3420483216
3457322082
3469198410
3481810359
3423364694
3471389976
3173290579
3492979879
3457781705
3491712608
3446007586
3416852397
3452081917
3401995765
3483539475
3405865350
3466348389
3451126587
3478510934
3465860601
3483162197
3464248990
3499014974
3495497344
3460547417
3467732052
3427528002
3113479506
3477506604
3480211363
3402493246
3406895015
3314794576
3419611034
3467187544
3478948893
3457386132
3471480460
3427938479
3439737517
3450942497
3494480919
3457625526
3489265152
3412973872
3495171890
3233543390
3427035976
3430067855
3422510941
3418009699
3421090020
3434185035
3459185026
3413591595
3484647169
3401560704
3477555298
3496961790
3432292924
3467306551
3488251956
3460472572
3497868453
3491907268
3473284447
3405644845
3416440890
3333015342
3458148416
3484023700
3404710693
3421637070
3402027299
3460139321
3496340432
3425590547
3464187757
3479847080
3457625068
3447254915
3400645018
3489814726
3463180871
3465564233
3485117116
3424502658
3400912819
3463427796
3477730778
3457453223
3448360356
3494949055
3440365039
3477133673
3420337149
3473312956
3499806436
3313708407
3411233246
3499193216
3406328656
3427302115
3481308918
3144591295
3423021582
3495114825
3498030447
3453801519
3426178494
3455402480
3451895459
3460187958
3459576355
3479139428
3404292307
3469119208
3400303408
3424494086
3444562366
3465641650
3443516320
3426901658
3436301703
3404084762
3466021166
3486733916
3333360738
3402757200
3414668195
3424183820
3452504811
3487772227
3497309447
3466626418
3438550310
3419875267
3466878539
3499370163
3460272210
3438086836
3462533040
3434536783
3453656235
3468030987
3178064971
3407246840
3484425143
3451843791
3409437907
3468314675
3422462262
3469198789
3439183837
3413214221
3495291860
3454635280
3440821109
3409160047
3415203110
3407208793
3158005008
3474720445
3460284618
3436064147
3440748616
3417076343
3468579101
3479229255
3469729986
3449286892
3467941801
3410856912
3404463822
3497768263
3496979200
3457462393
3430304921
3460868588
3424152188
3454776711
3477604121
3013298562
3459184071
3485549380
3495405428
3440623842
3498577825
3436301772
3464902330
3497739569
3406852550
3444961850
3493758199
3457669646
3494949468
3482238232
3456757289
3488588233
3457623507
3457978760
3442801547
3450748732
3006036765
3432300230
3442319153
3453743413
3422000421
3482174730
3457567042
3488722598
3489730046
3450305814
3401009130
3490337480
3492114528
3488423785
3468148655
3443801913
3421469071
3471337737
3417676319
3444670510
3480398828
3435410635
3487299324
3474928077
3490219228
3445536740
3469581210
3430718641
3426420915
3441339429
3484723569
3481810354
3470045399
3493053465
3496764700
3485826649
3423033991
3457253338
3496510071
3464878456
3491448264
3421960309
3434986423
3413751774
3407419662
3045268801
3411990968
3423093416
3446339536
3483105596
3454222178
3426681106
3493818366
3458538759
3484576668
3421876065
3429119592
3453760720
3432356140
3465576311
3484098335
3442206495
3417858860
3487622441
3487300564
3419117672
3484165545
3470840503
3404202032
3451229876
3464935831
3404071790
3433148116
3412429883
3489223348
3474004715
3483330445
3492030600
3456093217
3468975297
3433969051
3487442146
3491635876
3412538013
3451172076
3465536918
3473176828
3433793163
3479401579
3412714352
3234488587
3425617320
3466320661
3439851644
3477837338
3452148137
3489117858
3474169102
3428140966
3476091082
3474780043
3450672070
3409686330
3422590974
3437156791
3452736930
3436699342
3091501242
3477238490
3419404220
3496727125
3413037831
3452065943
3435556988
3450671015
3404814439
3477533464
3493611245
3461916652
3463214705
3400306660
3435674778
3405027645
3428359273
3488128005
3443909988
3418961850
3442793949
3440725275
3487956330
3404387151
3498983606
3448030083
3482243806
3463675127
3042728184
3476484656
3487433741
3458090348
3451310773
3437635612
3401459362
3485501670
3489155815
3481613694
3476872633
3455761873
3467415342
3460360373
3413110887
3471468297
3431179128
3462625619
3402761285
3460990381
3424688758
3468163503
3442217028
3461294129
3493734419
3435222348
3435063015
3464601980
3429809746
3431196473
3435566752
3486437527
3453502368
3482673848
3456748067
3405903644
3481500405
3432626348
3405578510
3492775803
3411137130
3447966829
3473979834
3481337590
3467747764
3404774877
3409539260
3457692435
3005110241
3437506406
3411128903
3415263147
3454265542
3413176437
3469419539
3409440619
3433884990
3424847303
3433643376
3466002051
3458780935
3402499694
3470361961
3102670390
3426630400
3453760061
3425225599
3415880155
3485437947
3479066236
3474803822
3478926993
3463734885
3479656848
3461248196
3411095929
3433822743
3449793288
3405631432
3473411808
3459268066
3431251385
3440680844
3499352180
3463813466
3497647581
3483826669
3408331955
3456248530
3454805154
3486428258
3436685915
3499276620
3479734325
3473610928
3446577216
3105252151
3494858458
3484686169
3444649580
3485757828
3466148966
3480912480
3442276320
3452760298
3494071401
3421991488
3497250916
3492342233
3455418096
3077925058
3403630045
3467765711
3434737778
3408130388
3458379305
3429072277
3419324138
3433269793
3438110745
3458507984
3470483032
3477333070
3461249275
3469114464
3003643687
3400214705
3451055253
3475597821
3485599045
3414546463
3404541474
3484093352
3459046775
3426464151
3406042718
3415349475
3456693078
3169933369
3404585072
3427029919
3476571989
3424050036
3467583579
3482481552
3489157657
3497523208
3455105714
3433306545
3435865010
3485042759
3452361306
3217420085
3413882534
3408822126
3424177493
3471014702
3456600261
3489365270
3400755415
3119249788
3452045058
3465866831
3415366228
3404266937
3418873073
3467780691
3490948067
3440071598
3428319561
3475196496
3472549526
3002207177
3474812223
3423489205
3487211448
3410326953
3474622161
3451761395
3455531204
3459160977
3461962807
3477530047
3444421591
3457408618
3450761178
3433649728
3477657030
3451637820
3476981816
3044745411
3417448137
3414505530
3427700903
3499635360
3416777982
3483703713
3453701497
3450221449
3411479692
3401482674
3481033090
3434002445
3491513608
3181751631
3421034474
3475299520
3416105110
3490940373
3463323012
3443054582
3496869800
3402331734
3469271175
3495352807
3468684863
3482505531
3407403025
3469905068
3417356164
3410556327
3481700053
3481467715
3469111109
3467615563
3460818049
3450438326
3404482213
3454668382
3499719045
3468383913
3467192799
3427403927
3498306193
3441948549
3441379172
3409429779
3428424764
3487421360
3411176644
3344092266
3491173086
3498776308
3496564744
3438298196
3437773666
3489628183
3469442421
3482252757
3438082782
3478125232
3437493320
3437670575
3467476432
3413566557
3487644779
3367008748
3481555206
3413544072
3487691744
3400686885
3448594377
3420732944
3451193180
3496146108
3401253314
3458644594
3412958835
3417911161
3411820811
3425840319
3008617249
3471809303
3417484084
3474784211
3438833460
3420224535
3458703382
3455404148
3411533698
3452257061
3464972351
3497514651
3457534791
3437649464
3446796160
3451242477
3479527405
3448355244
3418706900
3416724420
3406147096
3467673828
3440119335
3419230427
3450793301
3419772745
3178313989
3499295539
3478112742
3434558292
3475527074
3482965473
3461519858
3438224481
3448210105
3478478099
3474887595
3433061322
3476203757
3440723143
3447142148
3452639332
3498919827
3449021970
3410459266
3465553397
3463267524
3422396537
3462233184
3453761882
3457409052
3482304743
3090018205
3427386205
3442309742
3418417572
3353471043
3485414455
3451101193
3443371643
3424874412
3482052572
3219193430
3472305878
3429439746
3453847050
3463977184
3486356616
3462210897
3451916886
3462534929
3411715900
3445044167
3460611232
3431917408
3434656335
3429445211
3415810379
3474800797
3454120104
3470241906
3458584829
3492592334
3496855505
3422689471
3472574303
3433122359
3494533699
3416876968
3442966097
3485004521
3483721836
3499476858
3445050900
3467641706
3471187601
3475753221
3440727907
3443556265
3425562819
3413199723
3459533757
3457802403
3460084796
3484211769
3442175711
3497320392
3415538236
3457955687
3428705937
3448853632
3415157539
3400035268
3489120825
3401844827
3498887518
3439194647
3458833996
3403383769
3434414325
3490038631
3477772543
3478010503
3481867591
3466747524
3496281716
3498552036
3417283404
3404146598
3439398348
3403940008
3436989944
3405846453
3456251262
3457717660
3408935206
3406822487
3475718534
3499234547
3492657217
3484088153
3488549944
3433354320
3427448431
3403394652
3429838581
3419139087
3474565640
3483485244
3451166930
3077500080
3444379853
3483769122
3466008294
3478706836
3467035064
3447435604
3499848141
3453896456
3408288545
3470903020
3420620984
3433663094
3494819151
3437457533
3412685491
3488726217
3451745162
3494856976
3467256024
3404393421
3408397630
3491012971
3479427754
3494465065
3493416072
3487978466
3407975173
3421571093
3401759543
3403482984
3159592947
3446397119
3491075878
3476214097
3446112320
3475627570
3246357357
3417085575
3459057089
3437746722
3450702891
3473311322
3489474574
3470289717
3428624274
3480223459
3417697316
3482195972
3436291102
3436299170
3404028890
3451266321
3458650042
3423846944
3412395682
3490156974
3222037975
3069311759
3464984323
3484807466
3404045614
3414091606
3404144606
3456324098
3461366776
3456285851
3473356738
3450377048
3459167080
3056242744
3480739237
3473046591
3486639684
3474932784
3477566946
3407171480
3449675020
3425169339
3429384981
3424883461
3478452537
3410016449
3457605071
3472652514
3187871482
3461536325
3415295362
3462236866
3452367057
3469695246
3481467890
3498412482
3434918638
3002215441
3466082922
3498088408
3458015751
3409098330
3447411905
3404603745
3412536936
3444154396
3481828228
3460212731
3493015668
3406957600
3450923121
3458903263
3464921138
3430756035
3491681182
3498226252
3413894363
3429495688
3453854044
3471806325
3442131300
3426600271
3456056249
3222041026
3478270871
3416067388
3475449717
3414785890
3459724447
3445952443
3405256627
3463657561
3489386123
3450652884
3456637721
3003954103
3428934442
3416556281
3402273159
3491880382
3465668340
3409151628
3469559639
3014376769
3453451924
3414587105
3469583850
3443170327
3066397338
3486072475
3482245879
3430083762
3459037136
3415843426
3459127264
3413733994
3487867966
3453088282
3482739964
3435997379
3497609902
3422522339
3456800654
3401901745
3037172775
3442578776
3456526863
3466492871
3497721301
3472544290
3436130694
3078751791
3481716118
3472996050
3457613819
3483802914
3411899014
3400126154
3495473256
3482678015
3433598318
3444860897
3404395359
3463090040
3440770870
3461636967
3440100811
3435923659
3473771452
3489453608
3458988273
3488361579
3474692702
3416833138
3489509926
3498379757
3416126048
3496322202
3437496312
3405150800
3468172547
3424516328
3408093193
3434894453
3459992030
3475792592
3023787858
3476204094
3425040013
3402298953
3471647141
3493130559
3403237426
3446553518
3461295965
3495572986
3408706694
3129488401
3406726846
3430109990
3424309233
3418952450
3494737291
3431833494
3414149947
3437256385
3427258454
3418711244
3448080359
3216132874
3452602441
3450562736
3461363788
3434608993
3438715384
3439429202
3438934670
3481181448
3456466416
3456870454
3442047389
3463554390
3319694894
3421245668
3476318157
3442203977
3452523576
3499525802
3455243278
3477281388
3489218852
3487646201
3477325693
3426116574
3484591937
3404228635
3486186318
3463682602
3465880515
3467058799
3466961162
3439447996
3496732520
3435678808
3496413347
3416227502
3480399686
3405815406
3431711240
3488327639
3465942003
3444341810
3467266226
3455773895
3448798325
3495168033
3464705258
3481486786
3445533831
3400443830
3456893546
3454695778
3459091280
3493488489
3497785810
3415088321
3431989876
3438474323
3428100168
3420637146
3499880339
3468688925
3497597331
3487539747
3433331051
3476363325
3463853393
3416527779
3434227320
3435838772
3013518733
3470993123
3436536735
3404270287
3415268477
3431828108
3495308117
3468474179
3457093092
3416577262
3474539455
3484646290
3469368440
3494819519
3440138842
3463057152
3481127279
3451065518
3407755040
3460397735
3475668658
3484996560
3430165703
3407256867
3417865169
3439789820
3490365882
3482397749
3453258252
3470981486
3448591082
3496760668
3401440275
3417418371
3445015632
3480913790
3421114965
3495580752
3463995423
3401419114
3404092125
3487534392
3405996007
3433769138
3453034416
3431057532
3457507315
3463433136
3483681383
3483434247
3432172281
3478641305
3443535603
3425079245
3419185452
3441362967
3409011311
3483024293
3465035426
3400018062
3453386992
3430512772
3418313603
3467434109
3052306629
3463283448
3466701226
3400219352
3440902632
3128850415
3403861856
3451353818
3498338293
3436818923
3473618369
3433957278
3468062677
3401782925
3422319397
3459063113
3453526995
3482475307
3212276200
3480351617
3464641675
3407197672
3443570910
3098518329
3440831599
3498462141
3484089720
3442242530
3439069772
3449577869
3442426190
3408566473
3417787036
3449828039
3496435371
3400235388
3423802806
3475310511
3455260792
3487570068
3438521756
3499466142
3462967170
3497728632
3451832694
3412337787
3439655850
3407395441
3433937319
3484113702
3426754981
3473503321
3497099316
3416379527
3430890423
3438659744
3420433914
3448123467
3430323073
3412450798
3485700586
3453102311
3492153108
3485245160
3462099189
3180916141
3434363041
3452561100
3407237721
3434960187
3482362915
3428064854
3485569425
3453718343
3176986045
3457942643
3401413589
3461520070
3489450813
3464849930
3461054406
3401425745
3425968013
3493358795
3418794136
3404960520
3366013852
3155097791
3426502265
3426633135
3009076131
3487302400
3422123470
3419039742
3413015729
3434875048
3435991594
3452051452
3455377139
3484158854
3486872442
3465958030
3423813720
3432138849
3423681800
3457341381
3484177154
3469031281
3455527792
3463513276
3442932277
3469200444
3405914545
3415346943
3474469357
3462094158
3486025507
3413918707
3435136845
3402189941
3416523785
3424900537
3458786455
3402179255
3482994714
3475438387
3472112418
3482559384
3450193376
3433741401
3446788363
3491456613
3450337129
3464467496
3456054062
3443236287
3462642273
3452577868
3452717967
3430919181
3409402487
3446935009
3486231126
3472781380
3483750449
3469310116
3430935475
3414416153
3462312336
3476303624
3448822231
3404562542
3457768723
3469175421
3444545181
3446619248
3464392539
3433162795
3444888710
3455516607
3454350558
3469520107
3412415233
3439240950
3431185967
3416736146
3465833451
3415892901
3441666546
3402811895
3037370083
3449162117
3458818465
3454132879
3474789332
3145572815
3462311386
3467882428
3409711841
3403017995
3488634335
3484708656
3427863521
3402191897
3445654728
3004737223
3492328797
3457327908
3006472158
3485675741
3445041559
3119967750
3412992004
3496723707
3496052059
3474649038
3065349318
3088065532
3455806947
3401637976
3417535689
3419466513
3488176439
3400746057
3437721536
3446906763
3467270475
3484422902
3457958330
3448710145
3429768454
3408389792
3487879058
3436603148
3400408460
3418615341
3454046600
3491269104
3442452402
3335062258
3476897792
3491651551
3333137531
3328747807
3429117607
3484756115
3321960052
3499733721
3491174177
3461986420
3431860728
3476398988
3449069721
3414868630
3401761628
3495068503
3450552552
3423466576
3455426438
3448750490
3414759827
3497167133
3432493918
3455118525
3414608609
3427893502
3439732910
3422109746
3406064901
3444580153
3437654292
3450057028
3459558053
3470819756
3431400633
3491475778
3437087450
3485675754
3104299779
3494275976
3418675344
3488624448
3448913928
3410383138
3472717515
3433068675
3476564200
3463134639
3470981996
3460650807
3494233729
3484002810
3491992058
3406809410
3467279268
3458285476
3485952712
3402563764
3440041589
3432131961
3442172819
3426836679
3428589820
3451511347
3474203875
3474769141
3400853550
3420908202
3483143516
3492286849
3412315084
3493514124
3446181004
3487701506
3409820006
3466394372
3422310933
3424745009
3490094340
3423993324
3490950429
3404768234
3459571500
3405742625
3497993096
3406189706
3458215348
3435400293
3440750972
3432495245
3423116245
3489862901
3483154802
3490129408
3484749178
3447721707
3448415295
3401512143
3413286874
3468083565
3452621170
3407752009
3445209156
3400030834
3443720802
3425407060
3441427960
3490865795
3409537935
3468718466
3431478049
3402252003
3497099934
3448641174
3004568466
3495577556
3467606673
3432630928
3475718870
3411247000
3485649351
3404519312
3494655114
3455681459
3473535128
3403090984
3416358062
3334798445
3471375550
3456566095
3454843635
3483530845
3423119196
3475043832
3447867699
3430615219
3409426836
3464430636
3488212136
3425158963
3437857322
3460831214
3415655288
3151432320
3401048561
3400989268
3452317380
3481197013
3481653479
3423988142
3407433291
3450107225
3446915323
3400311348
3487425282
3448371487
3451870746
3481267804
3431819227
3456756665
3472361718
3448501577
3447227186
3472105643
3458803218
3409310966
3460372072
3432265934
3408041071
3467064447
3479747557
3414126081
3421446200
3467221202
3469004908
3476424491
3466042731
3483173815
3480504867
3409899114
3419699408
3400349441
3491437704
3466422146
3428290275
3400200016
3218344007
3425943290
3492130376
3459072877
3414149433
3054058190
3431667013
3458879110
3461158214
3473752862
3425259271
3467614783
3443126800
3446705014
3479511524
3436759528
3474606864
3400497062
3427443271
3469168622
3450408736
3457948217
3441059437
3473494441
3478715231
3456244213
3401380305
3484343782
3481282146
3455919654
3420534861
3432402115
3414738931
3454092314
3478191816
3461947385
3451941224
3413875671
3459895042
3445208749
3475788095
3497169020
3473540440
3494013975
3443111299
3412121585
3478586200
3420362009
3451708657
3447009910
3451784579
3447024323
3444057074
3488605634
3405904217
3423185730
3466316242
3427825027
3465548814
3149912442
3470268005
3412783253
3413110763
3440085541
3432539436
3407617813
3411280801
3475272340
3443887729
3415211455
3492422681
3403130279
3406468503
3475415925
3453783365
3417217350
3467918477
3421603819
3485421157
3416598286
3403014921
3410084650
3128970994
3416818061
3482931531
3436101337
3471395588
3499046503
3420912410
3470007105
3491234212
3449319870
3443178805
3403035563
3460511146
3495504090
3401633353
3413406094
3420380052
3447563854
3405666847
3403878311
3422071960
3471464498
3462870620
3491953323
3461694798
3443508844
3482973866
3473464219
3431130141
3406113250
3489564840
3499674050
3473603351
3417961297
3438715392
3485631434
3439010767
3407626727
3459413752
3413430507
3451156802
3490848351
3492860392
3477370161
3477663277
3484418391
3493437629
3410595055
3458421911
3476599310
3427945081
3443455171
3405041207
3492508341
3424311420
3494570160
3478899871
3432422349
3432630110
3442457648
3413778520
3419416284
3489451958
3492139155
3433495242
3442972419
3482101984
3488737420
3028124752
3408117728
3471212119
3416324469
3402618323
3454581491
3469895869
3402365967
3470366892
3433400162
3439887513
3469333977
3412263153
3420974094
3378632518
3443888390
3459337504
3482309774
3490856873
3475559943
3467616981
3495449511
3448999448
3428799562
3433613811
3419757292
3476653890
3348146162
3485252750
3436207370
3451161082
3448383541
3462966137
3482910148
3486544734
3037441400
3429401912
3486555901
3400522248
3446203334
3426478685
3417769871
3418513652
3478375211
3461044778
3484240677
3448146958
3494778597
3481208540
3472759789
3455973802
3426201277
3429617418
3424964530
3425938551
3462370331
3420424437
3412426885
3490272832
3421271350
3488863480
3401347198
3488101273
3432564166
3402110943
3424727071
3433143425
3158163863
3443379113
3441515932
3469829933
3423530983
3436580096
3457570853
3490963515
3455901224
3407213765
3469133733
3427512600
3469894285
3410505559
3479355321
3461473080
3451562027
3470584950
3058806063
3406736101
3415856953
3459115495
3473443629
3434303826
3468965167
3453346857
3440241323
3440158872
3403742722
3476406924
3492414104
3426869874
3463319245
3333557224
3459627740
3478240912
3440312548
3424142602
3447755101
3442087858
3479461878
3414921533
3464131571
3485883563
3002986457
3460140933
3444145108
3429220328
3485273865
3080535908
3420418236
3434230045
3494004497
3444674145
3437844575
3417805229
3404576202
3418158859
3480508433
3421129103
3472593605
3411544471
3407110432
3434402236
3454577303
3486959955
3459370621
3448332411
3461251628
3483385501
3484624822
3409090462
3476856892
3496115223
3460647026
3481012689
3421436797
3467936831
3407035532
3218518058
3445878835
3430079994
3462780530
3449999095
3499106532
3466084069
3434268771
3456406562
3471050018
3462373883
3480322852
3434346432
3429277261
3480971189
3478878449
3428128233
3437514345
3491135475
3434825269
3467969910
3461142818
3498896785
3006505709
3461677065
3496156924
3475476040
3410557635
3483968096
3449325304
3420404015
3424637177
3489123842
3461958905
3444950258
3479853887
3414538805
3496288165
3497034128
3427859377
3414563686
3439203192
3479006125
3418837074
3467812829
3491444113
3411296583
3487290097
3488080836
3087829373
3417189608
3475617226
3477442225
3439459423
3464920725
3473678726
3493341868
3413484930
3467678689
3451380430
3492226549
3485934255
3454414250
3489571883
3445198611
3437090872
3496447173
3006938812
3434505016
3427010018
3402332072
3458752241
3486571392
3474641706
3046063763
3452816405
3415852942
3438583987
3361675672
3489514049
3484280610
3453720110
3464691953
3487900036
3413999614
3419787446
3441270565
3409108093
3401658335
3432699486
3004071366
3472734206
3401407455
3415314388
3407266349
3453000043
3053539166
3456225457
3406767147
3487170670
3427969699
3448075447
3414151517
3490094775
3456176450
3466386640
3333575552
3476677423
3496575961
3400265824
3439993749
3453137083
3489020649
3450390597
3459399906
3404510384
3015864039
3496031189
3465402761
3486712203
3403946146
3343199422
3458148337
3453417289
3427229315
3461914612
3429714056
3450808896
3455248188
3476338475
3145669185
3489717253
3441740932
3419007244
3433697558
3488308185
3098797893
3400858976
3491597058
3439890067
3483474879
3493615291
3491808825
3470779256
3403909516
3472897830
3421686436
3440536642
3473902556
3424697266
3486041122
3418708604
3420467829
3435585680
3473508954
3414297915
3430088325
3456385089
3410426083
3428834557
3405335013
3464523790
3439242676
3424316141
3499661415
3495141611
3438369230
3415185685
3420737880
3414926518
3499538071
3215566610
3415673231
3463084842
3484946980
3170918136
3467677489
3439618793
3478325483
3487119732
3423165998
3435419921
3481050154
3491032781
3487967852
3428673862
3420002064
3024275137
3410495950
3465078519
3463457974
3484921804
3459559562
3490399660
3425544902
3490423405
3456464172
3466921108
3451855300
3497529218
3485397800
3475255521
3486160289
3442524761
3404116195
3316400451
3451297844
3401643207
3438671391
3469813139
3448675616
3340380937
3492324847
3409510231
3475951744
3463508133
3439548720
3427483638
3437121646
3472647818
3424531947
3480927443
3440336192
3457152830
3450959566
3432787191
3159097091
3442863295
3430252405
3452237520
3435974318
3469855944
3411554649
3495969946
3458459929
3454196785
3467791850
3402073301
3418467004
3443637283
3493679309
3408714700
3440687050
3494446823
3445137907
3436041425
3425289475
3413848586
3440590038
3438514897
3481956256